  1.0000000e-001  0.0000000e+000  9.9630000e+001  0.0000000e+000  1.0430000e-003  1.6940000e+000  0.0000000e+000  4.1736000e+002  2.5061000e+003  0.0000000e+000  4.1746000e+002  2.6755000e+003  0.0000000e+000  1.3026000e+000  7.3594000e+000
  1.2500000e-001  0.0000000e+000  1.0599000e+002  0.0000000e+000  1.0480000e-003  1.3749000e+000  0.0000000e+000  4.4419000e+002  2.5135000e+003  0.0000000e+000  4.4432000e+002  2.6854000e+003  0.0000000e+000  1.3740000e+000  7.2844000e+000
  1.5000000e-001  0.0000000e+000  1.1137000e+002  0.0000000e+000  1.0530000e-003  1.1593000e+000  0.0000000e+000  4.6694000e+002  2.5197000e+003  0.0000000e+000  4.6711000e+002  2.6936000e+003  0.0000000e+000  1.4336000e+000  7.2233000e+000
  1.7500000e-001  0.0000000e+000  1.1606000e+002  0.0000000e+000  1.0570000e-003  1.0036000e+000  0.0000000e+000  4.8680000e+002  2.5249000e+003  0.0000000e+000  4.8699000e+002  2.7006000e+003  0.0000000e+000  1.4849000e+000  7.1717000e+000
  2.0000000e-001  0.0000000e+000  1.2023000e+002  0.0000000e+000  1.0610000e-003  8.8570000e-001  0.0000000e+000  5.0449000e+002  2.5295000e+003  0.0000000e+000  5.0470000e+002  2.7067000e+003  0.0000000e+000  1.5301000e+000  7.1271000e+000
  2.2500000e-001  0.0000000e+000  1.2400000e+002  0.0000000e+000  1.0640000e-003  7.9330000e-001  0.0000000e+000  5.2047000e+002  2.5336000e+003  0.0000000e+000  5.2072000e+002  2.7121000e+003  0.0000000e+000  1.5706000e+000  7.0878000e+000
  2.5000000e-001  0.0000000e+000  1.2744000e+002  0.0000000e+000  1.0670000e-003  7.1870000e-001  0.0000000e+000  5.3510000e+002  2.5372000e+003  0.0000000e+000  5.3537000e+002  2.7169000e+003  0.0000000e+000  1.6072000e+000  7.0527000e+000
  2.7500000e-001  0.0000000e+000  1.3060000e+002  0.0000000e+000  1.0700000e-003  6.5730000e-001  0.0000000e+000  5.4859000e+002  2.5405000e+003  0.0000000e+000  5.4889000e+002  2.7213000e+003  0.0000000e+000  1.6408000e+000  7.0209000e+000
  3.0000000e-001  0.0000000e+000  1.3355000e+002  0.0000000e+000  1.0730000e-003  6.0580000e-001  0.0000000e+000  5.6115000e+002  2.5436000e+003  0.0000000e+000  5.6147000e+002  2.7253000e+003  0.0000000e+000  1.6718000e+000  6.9919000e+000
  3.2500000e-001  0.0000000e+000  1.3630000e+002  0.0000000e+000  1.0760000e-003  5.6200000e-001  0.0000000e+000  5.7290000e+002  2.5464000e+003  0.0000000e+000  5.7325000e+002  2.7290000e+003  0.0000000e+000  1.7006000e+000  6.9652000e+000
  3.5000000e-001  0.0000000e+000  1.3888000e+002  0.0000000e+000  1.0790000e-003  5.2430000e-001  0.0000000e+000  5.8395000e+002  2.5489000e+003  0.0000000e+000  5.8433000e+002  2.7324000e+003  0.0000000e+000  1.7275000e+000  6.9405000e+000
  3.7500000e-001  0.0000000e+000  1.4132000e+002  0.0000000e+000  1.0810000e-003  4.9140000e-001  0.0000000e+000  5.9440000e+002  2.5513000e+003  0.0000000e+000  5.9481000e+002  2.7356000e+003  0.0000000e+000  1.7528000e+000  6.9175000e+000
  4.0000000e-001  0.0000000e+000  1.4363000e+002  0.0000000e+000  1.0840000e-003  4.6250000e-001  0.0000000e+000  6.0431000e+002  2.5536000e+003  0.0000000e+000  6.0474000e+002  2.7386000e+003  0.0000000e+000  1.7766000e+000  6.8959000e+000
  4.5000000e-001  0.0000000e+000  1.4793000e+002  0.0000000e+000  1.0880000e-003  4.1400000e-001  0.0000000e+000  6.2277000e+002  2.5576000e+003  0.0000000e+000  6.2325000e+002  2.7439000e+003  0.0000000e+000  1.8207000e+000  6.8565000e+000
  5.0000000e-001  0.0000000e+000  1.5186000e+002  0.0000000e+000  1.0930000e-003  3.7490000e-001  0.0000000e+000  6.3968000e+002  2.5612000e+003  0.0000000e+000  6.4023000e+002  2.7487000e+003  0.0000000e+000  1.8607000e+000  6.8213000e+000
  5.5000000e-001  0.0000000e+000  1.5548000e+002  0.0000000e+000  1.0970000e-003  3.4270000e-001  0.0000000e+000  6.5532000e+002  2.5645000e+003  0.0000000e+000  6.6593000e+002  2.7530000e+003  0.0000000e+000  1.8973000e+000  6.7893000e+000
  6.0000000e-001  0.0000000e+000  1.5885000e+002  0.0000000e+000  1.1010000e-003  3.1570000e-001  0.0000000e+000  6.6990000e+002  2.5674000e+003  0.0000000e+000  6.7056000e+002  2.7568000e+003  0.0000000e+000  1.9312000e+000  6.7600000e+000
  6.5000000e-001  0.0000000e+000  1.6201000e+002  0.0000000e+000  1.1040000e-003  2.9270000e-001  0.0000000e+000  6.8356000e+002  2.5701000e+003  0.0000000e+000  6.8428000e+002  2.7603000e+003  0.0000000e+000  1.9627000e+000  6.7331000e+000
  7.0000000e-001  0.0000000e+000  1.6497000e+002  0.0000000e+000  1.1080000e-003  2.7290000e-001  0.0000000e+000  6.9644000e+002  2.5725000e+003  0.0000000e+000  6.9722000e+002  2.7635000e+003  0.0000000e+000  1.9922000e+000  6.7080000e+000
  7.5000000e-001  0.0000000e+000  1.6778000e+002  0.0000000e+000  1.1120000e-003  2.5560000e-001  0.0000000e+000  7.0864000e+002  2.5747000e+003  0.0000000e+000  7.0947000e+002  2.7664000e+003  0.0000000e+000  2.0200000e+000  6.6847000e+000
  8.0000000e-001  0.0000000e+000  1.7043000e+002  0.0000000e+000  1.1150000e-003  2.4040000e-001  0.0000000e+000  7.2022000e+002  2.5768000e+003  0.0000000e+000  7.2111000e+002  2.7691000e+003  0.0000000e+000  2.0462000e+000  6.6628000e+000
  8.5000000e-001  0.0000000e+000  1.7296000e+002  0.0000000e+000  1.1180000e-003  2.2700000e-001  0.0000000e+000  7.3127000e+002  2.5787000e+003  0.0000000e+000  7.3222000e+002  2.7716000e+003  0.0000000e+000  2.0710000e+000  6.6421000e+000
  9.0000000e-001  0.0000000e+000  1.7538000e+002  0.0000000e+000  1.1210000e-003  2.1500000e-001  0.0000000e+000  7.4183000e+002  2.5805000e+003  0.0000000e+000  7.4283000e+002  2.7739000e+003  0.0000000e+000  2.0946000e+000  6.6226000e+000
  9.5000000e-001  0.0000000e+000  1.7769000e+002  0.0000000e+000  1.1240000e-003  2.0420000e-001  0.0000000e+000  7.5195000e+002  2.5821000e+003  0.0000000e+000  7.5302000e+002  2.7761000e+003  0.0000000e+000  2.1172000e+000  6.6041000e+000
  1.0000000e+000  0.0000000e+000  1.7991000e+002  0.0000000e+000  1.1270000e-003  1.9444000e-001  0.0000000e+000  7.6168000e+002  2.5836000e+003  0.0000000e+000  7.6281000e+002  2.7781000e+003  0.0000000e+000  2.1387000e+000  6.5865000e+000
  1.1000000e+000  0.0000000e+000  1.8409000e+002  0.0000000e+000  1.1330000e-003  1.7753000e-001  0.0000000e+000  7.8009000e+002  2.5864000e+003  0.0000000e+000  7.8134000e+002  2.8717000e+003  0.0000000e+000  2.1792000e+000  6.5536000e+000
  1.2000000e+000  0.0000000e+000  1.8799000e+002  0.0000000e+000  1.1390000e-003  1.6333000e-001  0.0000000e+000  7.9729000e+002  2.5888000e+003  0.0000000e+000  7.9865000e+002  2.7848000e+003  0.0000000e+000  2.2166000e+000  6.5233000e+000
  1.3000000e+000  0.0000000e+000  1.9164000e+002  0.0000000e+000  1.1440000e-003  1.5125000e-001  0.0000000e+000  8.1344000e+002  2.5910000e+003  0.0000000e+000  8.1493000e+002  2.7876000e+003  0.0000000e+000  2.2515000e+000  6.4953000e+000
  1.4000000e+000  0.0000000e+000  1.9507000e+002  0.0000000e+000  1.1490000e-003  1.4084000e-001  0.0000000e+000  8.2870000e+002  2.5928000e+003  0.0000000e+000  8.3030000e+002  2.7900000e+003  0.0000000e+000  2.2842000e+000  6.4693000e+000
  1.5000000e+000  0.0000000e+000  1.9832000e+002  0.0000000e+000  1.1540000e-003  1.3177000e-001  0.0000000e+000  8.4316000e+002  2.5945000e+003  0.0000000e+000  8.4489000e+002  2.7922000e+003  0.0000000e+000  2.3150000e+000  6.4448000e+000
  1.7500000e+000  0.0000000e+000  2.0576000e+002  0.0000000e+000  1.1660000e-003  1.1349000e-001  0.0000000e+000  8.7646000e+002  2.5978000e+003  0.0000000e+000  8.7850000e+002  2.7964000e+003  0.0000000e+000  2.3851000e+000  6.3896000e+000
  2.0000000e+000  0.0000000e+000  2.1242000e+002  0.0000000e+000  1.1770000e-003  9.9630000e-002  0.0000000e+000  9.0644000e+002  2.6003000e+003  0.0000000e+000  9.0879000e+002  2.7995000e+003  0.0000000e+000  2.4474000e+000  6.3409000e+000
  2.2500000e+000  0.0000000e+000  2.1845000e+002  0.0000000e+000  1.1870000e-003  8.8750000e-002  0.0000000e+000  9.3383000e+002  2.6020000e+003  0.0000000e+000  9.3649000e+002  2.8017000e+003  0.0000000e+000  2.5035000e+000  6.2972000e+000
  2.5000000e+000  0.0000000e+000  2.2399000e+002  0.0000000e+000  1.1970000e-003  7.9980000e-002  0.0000000e+000  9.5911000e+002  2.6031000e+003  0.0000000e+000  9.6211000e+002  2.8031000e+003  0.0000000e+000  2.5547000e+000  6.2575000e+000
  3.0000000e+000  0.0000000e+000  2.3390000e+002  0.0000000e+000  1.2170000e-003  6.6680000e-002  0.0000000e+000  1.0047800e+003  2.6041000e+003  0.0000000e+000  1.0084200e+003  2.8042000e+003  0.0000000e+000  2.6457000e+000  6.1869000e+000
  3.5000000e+000  0.0000000e+000  2.4260000e+002  0.0000000e+000  1.2350000e-003  5.7070000e-002  0.0000000e+000  1.0454300e+003  2.6037000e+003  0.0000000e+000  1.0497500e+003  2.8034000e+003  0.0000000e+000  2.7253000e+000  6.1253000e+000
  4.0000000e+000  0.0000000e+000  2.5040000e+002  0.0000000e+000  1.2520000e-003  4.9780000e-002  0.0000000e+000  1.0823100e+003  2.6023000e+003  0.0000000e+000  1.0873100e+003  2.8014000e+003  0.0000000e+000  2.7964000e+000  6.0701000e+000
  5.0000000e+000  0.0000000e+000  2.6399000e+002  0.0000000e+000  1.2860000e-003  3.9440000e-002  0.0000000e+000  1.1478100e+003  2.5971000e+003  0.0000000e+000  1.1542300e+003  2.7943000e+003  0.0000000e+000  2.9202000e+000  5.9734000e+000
  6.0000000e+000  0.0000000e+000  2.7564000e+002  0.0000000e+000  1.3190000e-003  3.2440000e-002  0.0000000e+000  1.2054400e+003  2.5897000e+003  0.0000000e+000  1.2133500e+003  2.7843000e+003  0.0000000e+000  3.0267000e+000  5.8892000e+000
  7.0000000e+000  0.0000000e+000  2.8588000e+002  0.0000000e+000  1.3510000e-003  2.7370000e-002  0.0000000e+000  1.2575500e+003  2.5805000e+003  0.0000000e+000  1.2670000e+003  2.7721000e+003  0.0000000e+000  3.1211000e+000  5.8133000e+000
  8.0000000e+000  0.0000000e+000  2.9506000e+002  0.0000000e+000  1.3840000e-003  2.3520000e-002  0.0000000e+000  1.3055700e+003  2.5698000e+003  0.0000000e+000  1.3166400e+003  2.7580000e+003  0.0000000e+000  3.2068000e+000  5.7432000e+000
  9.0000000e+000  0.0000000e+000  3.0340000e+002  0.0000000e+000  1.4180000e-003  2.0480000e-002  0.0000000e+000  1.3505100e+003  2.5578000e+003  0.0000000e+000  1.3632600e+003  2.7421000e+003  0.0000000e+000  3.2858000e+000  5.6722000e+000
  1.0000000e+001  0.0000000e+000  3.1106000e+002  0.0000000e+000  1.4520000e-003  1.8026000e-002  0.0000000e+000  1.3930400e+003  2.5444000e+003  0.0000000e+000  1.4075600e+003  2.7247000e+003  0.0000000e+000  3.3596000e+000  5.6141000e+000
  1.1000000e+001  0.0000000e+000  3.1815000e+002  0.0000000e+000  1.4890000e-003  1.5987000e-002  0.0000000e+000  1.4337000e+003  2.5298000e+003  0.0000000e+000  1.4501000e+003  2.7056000e+003  0.0000000e+000  3.4295000e+000  5.5527000e+000
  1.2000000e+001  0.0000000e+000  3.2475000e+002  0.0000000e+000  1.5270000e-003  1.4263000e-002  0.0000000e+000  1.4730000e+003  2.5137000e+003  0.0000000e+000  1.4913000e+003  2.6849000e+003  0.0000000e+000  3.4962000e+000  5.4924000e+000
  1.3000000e+001  0.0000000e+000  3.3093000e+002  0.0000000e+000  1.5670000e-003  1.2780000e-002  0.0000000e+000  1.5111000e+003  2.4961000e+003  0.0000000e+000  1.5315000e+003  2.6622000e+003  0.0000000e+000  3.5606000e+000  5.4323000e+000
  1.4000000e+001  0.0000000e+000  3.3675000e+002  0.0000000e+000  1.6110000e-003  1.1485000e-002  0.0000000e+000  1.5486000e+003  2.4768000e+003  0.0000000e+000  1.5711000e+003  2.6376000e+003  0.0000000e+000  3.6232000e+000  5.3717000e+000
  1.5000000e+001  0.0000000e+000  3.4224000e+002  0.0000000e+000  1.6580000e-003  1.0337000e-002  0.0000000e+000  1.5856000e+003  2.4555000e+003  0.0000000e+000  1.6105000e+003  2.6105000e+003  0.0000000e+000  3.6848000e+000  5.3098000e+000
  1.6000000e+001  0.0000000e+000  3.4744000e+002  0.0000000e+000  1.7110000e-003  9.3060000e-003  0.0000000e+000  1.6227000e+003  2.4317000e+003  0.0000000e+000  1.6501000e+003  2.5806000e+003  0.0000000e+000  3.7461000e+000  5.2455000e+000
  1.7000000e+001  0.0000000e+000  3.5237000e+002  0.0000000e+000  1.7700000e-003  8.3640000e-003  0.0000000e+000  1.6602000e+003  2.4050000e+003  0.0000000e+000  1.6903000e+003  2.5472000e+003  0.0000000e+000  3.8079000e+000  5.1777000e+000
  1.8000000e+001  0.0000000e+000  3.5706000e+002  0.0000000e+000  1.8400000e-003  7.4890000e-003  0.0000000e+000  1.6989000e+003  2.3743000e+003  0.0000000e+000  1.7320000e+003  2.5091000e+003  0.0000000e+000  3.8715000e+000  5.1044000e+000
  1.9000000e+001  0.0000000e+000  3.6154000e+002  0.0000000e+000  1.9240000e-003  6.6570000e-003  0.0000000e+000  1.7399000e+003  2.3381000e+003  0.0000000e+000  1.7765000e+003  2.4645000e+003  0.0000000e+000  3.9388000e+000  5.0228000e+000
  2.0000000e+001  0.0000000e+000  3.6581000e+002  0.0000000e+000  2.0360000e-003  5.8340000e-003  0.0000000e+000  1.7856000e+003  2.2930000e+003  0.0000000e+000  1.8263000e+003  2.4097000e+003  0.0000000e+000  4.0139000e+000  4.9269000e+000
  2.1000000e+001  0.0000000e+000  3.6989000e+002  0.0000000e+000  2.2070000e-003  4.9520000e-003  0.0000000e+000  1.8421000e+003  2.2306000e+003  0.0000000e+000  1.8884000e+003  2.3346000e+003  0.0000000e+000  4.1075000e+000  4.8013000e+000
  2.2000000e+001  0.0000000e+000  3.7380000e+002  0.0000000e+000  2.7420000e-003  3.5680000e-003  0.0000000e+000  1.9619000e+003  2.0871000e+003  0.0000000e+000  2.0222000e+003  2.1656000e+003  0.0000000e+000  4.3110000e+000  4.5327000e+000
  2.2090000e+001  0.0000000e+000  3.7414000e+002  0.0000000e+000  3.1550000e-003  3.1550000e-003  0.0000000e+000  2.0296000e+003  2.0296000e+003  0.0000000e+000  2.0993000e+003  2.0993000e+003  0.0000000e+000  4.4298000e+000  4.4298000e+000
