   1.3500000e+05   1.0814200e+02   1.0500000e-03   1.2886600e+00   4.5329000e+02   2.5159800e+03   4.5343600e+02   2.6886800e+03   1.3978400e+00   7.2599600e+00
   2.3500000e+05   1.2537600e+02   1.0652000e-03   7.6346001e-01   5.2632200e+02   2.5350400e+03   5.2658000e+02   2.7140200e+03   1.5852400e+00   7.0737600e+00
   3.3500000e+05   1.3733200e+02   1.0772000e-03   5.4692000e-01   5.7732000e+02   2.5474000e+03   5.7768200e+02   2.7303600e+03   1.7113600e+00   6.9553200e+00
   4.2500000e+05   1.4578000e+02   1.0860000e-03   4.3825000e-01   6.1354000e+02   2.5556000e+03   6.1399500e+02   2.7412500e+03   1.7986500e+00   6.8762000e+00
   5.2500000e+05   1.5367000e+02   1.0950000e-03   3.5880000e-01   6.4750000e+02   2.5628500e+03   6.5308000e+02   2.7508500e+03   1.8790000e+00   6.8053000e+00
   6.2500000e+05   1.6043000e+02   1.1025000e-03   3.0420000e-01   6.7673000e+02   2.5687500e+03   6.7742000e+02   2.7585500e+03   1.9469500e+00   6.7465500e+00
   7.2500001e+05   1.6637500e+02   1.1100000e-03   2.6425000e-01   7.0254000e+02   2.5736000e+03   7.0334500e+02   2.7649500e+03   2.0061000e+00   6.6963500e+00
   8.2499998e+05   1.7169500e+02   1.1165000e-03   2.3370000e-01   7.2574500e+02   2.5777500e+03   7.2666500e+02   2.7703500e+03   2.0586000e+00   6.6524500e+00
   9.2500002e+05   1.7653500e+02   1.1225000e-03   2.0959999e-01   7.4689001e+02   2.5813000e+03   7.4792501e+02   2.7750000e+03   2.1059000e+00   6.6133500e+00
   1.1500000e+06   1.8604000e+02   1.1360000e-03   1.7043000e-01   7.8869001e+02   2.5876000e+03   7.8999501e+02   2.8282500e+03   2.1979000e+00   6.5384500e+00
   1.2500000e+06   1.8981500e+02   1.1415000e-03   1.5729000e-01   8.0536500e+02   2.5899000e+03   8.0679000e+02   2.7862000e+03   2.2340500e+00   6.5093000e+00
   1.3500000e+06   1.9335500e+02   1.1465000e-03   1.4604500e-01   8.2107000e+02   2.5919000e+03   8.2261500e+02   2.7888000e+03   2.2678500e+00   6.4823000e+00
   1.4500000e+06   1.9669500e+02   1.1515000e-03   1.3630500e-01   8.3593000e+02   2.5936500e+03   8.3759500e+02   2.7911000e+03   2.2996000e+00   6.4570500e+00
   1.6000000e+06   2.0129600e+02   1.1588000e-03   1.2445800e-01   8.5648000e+02   2.5958200e+03   8.5833400e+02   2.7938800e+03   2.3430400e+00   6.4227200e+00
   1.9000000e+06   2.0975600e+02   1.1726000e-03   1.0517400e-01   8.9444800e+02   2.5993000e+03   8.9667400e+02   2.7982600e+03   2.4224800e+00   6.3603800e+00
   4.5000000e+06   2.5719500e+02   1.2690000e-03   4.4610000e-02   1.1150600e+03   2.5997000e+03   1.1207700e+03   2.7978500e+03   2.8583000e+00   6.0217500e+00
   5.5000000e+06   2.6981500e+02   1.3025000e-03   3.5940000e-02   1.1766250e+03   2.5934000e+03   1.1837900e+03   2.7893000e+03   2.9734500e+00   5.9313000e+00
   6.5000000e+06   2.8076000e+02   1.3350000e-03   2.9905000e-02   1.2314950e+03   2.5851000e+03   1.2401750e+03   2.7782000e+03   3.0739000e+00   5.8512500e+00
   7.5000000e+06   2.9047000e+02   1.3675000e-03   2.5445000e-02   1.2815600e+03   2.5751500e+03   1.2918200e+03   2.7650500e+03   3.1639500e+00   5.7782500e+00
   8.4999998e+06   2.9923000e+02   1.4010000e-03   2.2000001e-02   1.3280400e+03   2.5638000e+03   1.3399500e+03   2.7500500e+03   3.2463000e+00   5.7077000e+00
   9.5000002e+06   3.0723000e+02   1.4350000e-03   1.9253000e-02   1.3717750e+03   2.5511000e+03   1.3854100e+03   2.7334000e+03   3.3227000e+00   5.6431500e+00
   1.0500000e+07   3.1460500e+02   1.4705000e-03   1.7006500e-02   1.4133700e+03   2.5371000e+03   1.4288300e+03   2.7151500e+03   3.3945500e+00   5.5834000e+00
   1.1500000e+07   3.2145000e+02   1.5080000e-03   1.5124999e-02   1.4533500e+03   2.5217500e+03   1.4707000e+03   2.6952500e+03   3.4628500e+00   5.5225500e+00
   1.2500000e+07   3.2784000e+02   1.5470000e-03   1.3521500e-02   1.4920500e+03   2.5049000e+03   1.5114000e+03   2.6735500e+03   3.5284000e+00   5.4623500e+00
   1.3500000e+07   3.3384000e+02   1.5890000e-03   1.2132500e-02   1.5298500e+03   2.4864500e+03   1.5513000e+03   2.6499000e+03   3.5919000e+00   5.4020000e+00
   1.4500000e+07   3.3949500e+02   1.6345000e-03   1.0911000e-02   1.5671000e+03   2.4661500e+03   1.5908000e+03   2.6240500e+03   3.6540000e+00   5.3407500e+00
   1.5500000e+07   3.4484000e+02   1.6845000e-03   9.8215001e-03   1.6041500e+03   2.4436000e+03   1.6303000e+03   2.5955500e+03   3.7154500e+00   5.2776500e+00
   1.6500000e+07   3.4990500e+02   1.7405000e-03   8.8350003e-03   1.6414500e+03   2.4183500e+03   1.6702000e+03   2.5639000e+03   3.7770000e+00   5.2116000e+00
   1.7500000e+07   3.5471500e+02   1.8050000e-03   7.9264999e-03   1.6795500e+03   2.3896500e+03   1.7111500e+03   2.5281500e+03   3.8397000e+00   5.1410500e+00
   1.8500000e+07   3.5930000e+02   1.8820000e-03   7.0730002e-03   1.7194000e+03   2.3562000e+03   1.7542500e+03   2.4868000e+03   3.9051500e+00   5.0636000e+00
   1.9500000e+07   3.6367500e+02   1.9800000e-03   6.2454998e-03   1.7627500e+03   2.3155500e+03   1.8014000e+03   2.4371000e+03   3.9763500e+00   4.9748500e+00
   2.0500000e+07   3.6785000e+02   2.1215000e-03   5.3930000e-03   1.8138500e+03   2.2618000e+03   1.8573500e+03   2.3721500e+03   4.0607000e+00   4.8641000e+00
   2.1500000e+07   3.7184500e+02   2.4744998e-03   4.2600004e-03   1.9020000e+03   2.1588500e+03   1.9553000e+03   2.2501001e+03   4.2092499e+00   4.6670001e+00
